2 0.296875 0.175 0.06484375 0.0609375
2 0.84609375 0.51171875 0.0671875 0.08046875
2 0.86484375 0.09921875 0.07109375 0.0640625
2 0.55703125 0.06796875 0.07578125 0.05859375
2 0.21484375 0.33125 0.078125 0.07578125
2 0.71328125 0.746875 0.07578125 0.0609375
2 0.59296875 0.65859375 0.07109375 0.071875
2 0.23046875 0.76953125 0.0609375 0.078125
2 0.5984375 0.87578125 0.0671875 0.0640625
2 0.725 0.92578125 0.07109375 0.071875
2 0.2328125 0.88515625 0.07578125 0.0640625
2 0.0890625 0.9390625 0.08203125 0.06953125
2 0.0375 0.85546875 0.06953125 0.0671875
2 0.66796875 0.40390625 0.09609375 0.071875
2 0.51640625 0.425 0.0953125 0.14765625