3 0.28203125 0.42421875 0.16015625 0.12265625
3 0.571875 0.22734375 0.1203125 0.103125
3 0.6609375 0.4 0.134375 0.1078125
3 0.7796875 0.76953125 0.17421875 0.125
3 0.5765625 0.90390625 0.15390625 0.125
3 0.803125 0.92265625 0.134375 0.1
3 0.94375 0.7359375 0.1046875 0.11171875
3 0.94140625 0.36953125 0.109375 0.1
3 0.4375 0.215625 0.10078125 0.13359375
3 0.1671875 0.34296875 0.15625 0.1140625
3 0.0609375 0.134375 0.11796875 0.1203125
3 0.184375 0.8203125 0.0953125 0.0921875
3 0.18046875 0.93125 0.10078125 0.084375
3 0.08359375 0.89375 0.07578125 0.08046875
3 0.42421875 0.76640625 0.0984375 0.07578125
3 0.1109375 0.4484375 0.1265625 0.103125