0 0.38515625 0.28671875 0.11171875 0.11640625
0 0.90625 0.4953125 0.16796875 0.15390625
0 0.18046875 0.7140625 0.15390625 0.1390625
0 0.73203125 0.3921875 0.1515625 0.11171875
0 0.61328125 0.7921875 0.14921875 0.15625
0 0.73828125 0.8796875 0.0875 0.08671875
0 0.565625 0.146875 0.11171875 0.1203125
0 0.55 0.58125 0.08984375 0.08046875
0 0.084375 0.9265625 0.16796875 0.1078125
0 0.078125 0.078125 0.11796875 0.103125
0 0.0796875 0.2984375 0.11171875 0.0921875
0 0.18125 0.24296875 0.078125 0.0671875
0 0.1796875 0.5125 0.08984375 0.078125
0 0.0953125 0.58515625 0.0953125 0.0890625
0 0.359375 0.47265625 0.18515625 0.12890625
0 0.66796875 0.26171875 0.16796875 0.125