2 0.23359375 0.29375 0.0921875 0.09765625
2 0.259375 0.425 0.07578125 0.08046875
2 0.55234375 0.2703125 0.07109375 0.084375
2 0.66796875 0.1 0.08203125 0.06953125
2 0.89453125 0.76015625 0.0875 0.0921875
2 0.053125 0.9546875 0.05859375 0.071875
2 0.30234375 0.8375 0.07578125 0.0640625
2 0.03046875 0.7796875 0.05625 0.084375
2 0.55703125 0.675 0.07578125 0.07578125
2 0.04375 0.43515625 0.078125 0.071875
2 0.7953125 0.04453125 0.05625 0.084375
2 0.81640625 0.51328125 0.07578125 0.084375
2 0.73984375 0.53515625 0.07578125 0.0890625
2 0.66953125 0.7609375 0.0796875 0.06953125
2 0.7328125 0.8515625 0.0671875 0.0640625
2 0.16484375 0.13984375 0.11796875 0.11171875
2 0.303125 0.10546875 0.0671875 0.0609375
2 0.05 0.646875 0.08984375 0.08671875