2 0.3921875 0.23671875 0.08671875 0.084375
2 0.81015625 0.38515625 0.09609375 0.0921875
2 0.9125 0.2875 0.08984375 0.08046875
2 0.659375 0.509375 0.0734375 0.08046875
2 0.79296875 0.5390625 0.08203125 0.05859375
2 0.74140625 0.68359375 0.0796875 0.0890625
2 0.04453125 0.39296875 0.06953125 0.06953125
2 0.27109375 0.29921875 0.07578125 0.06953125
2 0.17578125 0.73046875 0.10078125 0.0671875
2 0.0421875 0.88125 0.06484375 0.08046875
2 0.34453125 0.640625 0.078125 0.06953125
2 0.528125 0.521875 0.08984375 0.071875
2 0.79375 0.2171875 0.0875 0.06953125