2 0.49765625 0.3046875 0.15390625 0.1625
2 0.43359375 0.13203125 0.1359375 0.10546875
2 0.684375 0.07109375 0.25390625 0.11328125
2 0.62890625 0.2875 0.0953125 0.06953125
2 0.7125 0.2484375 0.0921875 0.1265625
2 0.8734375 0.24296875 0.0921875 0.14453125
2 0.75234375 0.4515625 0.08671875 0.2546875
2 0.95078125 0.4578125 0.0984375 0.2953125
2 0.853125 0.68203125 0.24375 0.13359375
2 0.646875 0.80859375 0.0921875 0.06953125
2 0.20546875 0.73125 0.084375 0.09765625
2 0.27265625 0.96484375 0.1515625 0.06875