3 0.3578125 0.34765625 0.1390625 0.12890625
3 0.3765625 0.68984375 0.14765625 0.15859375
3 0.6328125 0.2421875 0.1265625 0.1140625
3 0.77734375 0.225 0.11796875 0.13671875
3 0.93359375 0.20703125 0.11796875 0.11171875
3 0.9484375 0.0828125 0.103125 0.1078125
3 0.5375 0.12109375 0.14296875 0.13125
3 0.77109375 0.70703125 0.1234375 0.11171875
3 0.19296875 0.7453125 0.13125 0.10546875
3 0.05234375 0.76953125 0.0953125 0.1734375
3 0.8890625 0.45625 0.1046875 0.0953125
3 0.26953125 0.86875 0.078125 0.0640625
3 0.81640625 0.88515625 0.0796875 0.078125
3 0.190625 0.36875 0.13125 0.11640625
3 0.49453125 0.475 0.1234375 0.1140625
3 0.66640625 0.40234375 0.1265625 0.09765625
3 0.82109375 0.3609375 0.11796875 0.1390625
3 0.05859375 0.9171875 0.11640625 0.12734375