3 0.44765625 0.48046875 0.1453125 0.12890625
3 0.22578125 0.14921875 0.20703125 0.178125
3 0.11015625 0.2640625 0.14765625 0.1390625
3 0.1296875 0.55859375 0.22109375 0.2171875
3 0.32421875 0.771875 0.2015625 0.15390625
3 0.62109375 0.725 0.13671875 0.13671875
3 0.7859375 0.86328125 0.115625 0.11171875
3 0.75390625 0.9453125 0.1234375 0.09765625
3 0.78515625 0.35390625 0.1625 0.15
3 0.934375 0.403125 0.109375 0.18125
3 0.5921875 0.071875 0.13203125 0.125
3 0.7234375 0.2046875 0.09609375 0.0921875